rows 25
10
8,8
7,3,1,1,6,3,3
5,1,1,1,1,2,7,7
2,1,1,1,7,4,3
4,1,1,2,1,2,2,5,2
5,3,2,2,1,3,1,2,6
3,1,3,1,1,6,1,4
2,1,2,2,3,2,5,1,3
3,1,5,2,3,2,2
2,1,2,3,3,3,2
3,1,2,8,1
3,2,7,4,2,2,1
2,1,4,5,2,2,1
3,2,3,6,2,1,1,2
2,1,1,9,4,3,2
3,1,10,4,7,2
4,11,4,6,2
4,7,2,5,5,6
3,1,2,12,2
4,3,6,2
4,12,1
3,1,13,1
3,12
4,6,1



columns 50
11
16
5,1,2,1,7
5,1,1,1,1,8
2,3,1,1,5
4,1,2,1,2
3,1,3,1,1
2,1,3,2
4,3,2,5
3,1,4,2,5
2,1,3,2,4,3
3,2,2,2,4,5
4,2,3,2,4,4
1,1,2,1,5,4
2,3,1,5,4
3,2,1,4,4
2,2,3,5
3,5,4
1,1,3,2,4
2,2,6
2,2,5
3,5,2,4
4,3,2,3
1,1,2,2
3,2,2
2,2,2,2
3,4,2,2
3,4,2,2
8,2,2
1,1,2,2,2
2,2,2,2
2,2,1,2
7,2,1
4,1,1
2,1,2,1
2,2,1,1
2,1,1,1
2,1,1,2
2,1,1,2
4,2,4
3,3,4
1,2
2,2
1,3,3
2,2,1,2
2,2,2
5,3
1,3
2
1



